1000000000000000000      114220      114220       32835
1010000000000000000       10122       10122       12052
1010100000000000000        1271        1271         969
1010200000000000000        8849        8849        9137
1010203000000000000        8849        8849        9137
1010203010000000000        1536        1536        4833
1010203020000000000         202         202          30
1010203030000000000        4515        4515        1880
1010203090000000000           0           0           0
1010203990000000000        2596        2596        2393
1010204000000000000           0           0           0
1010300000000000000           0           0           0
1010900000000000000           1           1        1946
1020000000000000000           0           0           0
1020100000000000000           0           0           0
1020103000000000000           0           0           0
1020103020000000000           0           0           0
1020103030000000000           0           0           0
1020103070000000000           0           0           0
1020103080000000000           0           0           0
1020103090000000000           0           0           0
1020103100000000000           0           0           0
1020103160000000000           0           0           0
1020103710000000000           0           0           0
1020103990000000000           0           0           0
1030000000000000000        1142        1142         637
1030100000000000000           0           0           0
1030101000000000000           0           0           0
1030101010000000000           0           0           0
1030101010100000000           0           0           0
1030101010101000000           0           0           0
1030101010101010000           0           0           0
1030101010101010100           0           0           0
1030101010101010300           0           0           0
1030101010101010400           0           0           0
1030101010101010900           0           0           0
1030101010200000000           0           0           0
1030101010300000000           0           0           0
1030101010400000000           0           0           0
1030101020000000000           0           0           0
1030102000000000000           0           0           0
1030103000000000000           0           0           0
1030103010000000000           0           0           0
1030103020000000000           0           0           0
1030103030000000000           0           0           0
1030103080000000000           0           0           0
1030103090000000000           0           0           0
1030103100000000000           0           0           0
1030103110000000000           0           0           0
1030103130000000000           0           0           0
1030103160000000000           0           0           0
1030103710000000000           0           0           0
1030103990000000000           0           0           0
1030104000000000000           0           0           0
1030104010000000000           0           0           0
1030104020000000000           0           0           0
1030104030000000000           0           0           0
1030200000000000000           0           0           0
1030201000000000000           0           0           0
1030202000000000000           0           0           0
1030203000000000000           0           0           0
1030203030000000000           0           0           0
1030203070000000000           0           0           0
1030203080000000000           0           0           0
1030203090000000000           0           0           0
1030203100000000000           0           0           0
1030203110000000000           0           0           0
1030203130000000000           0           0           0
1030203160000000000           0           0           0
1030203990000000000           0           0           0
1030204000000000000           0           0           0
1030204010000000000           0           0           0
1030204030000000000           0           0           0
1030300000000000000           0           0           0
1030303000000000000           0           0           0
1030303010000000000           0           0           0
1030303020000000000           0           0           0
1030303030000000000           0           0           0
1030303070000000000           0           0           0
1030303080000000000           0           0           0
1030303090000000000           0           0           0
1030303100000000000           0           0           0
1030303160000000000           0           0           0
1030303710000000000           0           0           0
1030303990000000000           0           0           0
1030304000000000000           0           0           0
1030400000000000000           0           0           0
1030403000000000000           0           0           0
1030403030000000000           0           0           0
1030403090000000000           0           0           0
1030403990000000000           0           0           0
1030500000000000000        1142        1142         637
1030501000000000000           0           0           0
1030501010000000000           0           0           0
1030501010100000000           0           0           0
1030501010200000000           0           0           0
1030501010300000000           0           0           0
1030501010400000000           0           0           0
1030501020000000000           0           0           0
1030502000000000000           0           0           0
1030503000000000000        1142        1142           0
1030503010000000000           0           0           0
1030503020000000000           0           0           0
1030503030000000000           0           0           0
1030503070000000000           0           0           0
1030503080000000000        1142        1142           0
1030503090000000000           0           0           0
1030503100000000000           0           0           0
1030503110000000000           0           0           0
1030503130000000000           0           0           0
1030503140000000000           0           0           0
1030503160000000000           0           0           0
1030503710000000000           0           0           0
1030503990000000000           0           0           0
1030504000000000000           0           0           0
1030504010000000000           0           0           0
1030504020000000000           0           0           0
1030504030000000000           0           0           0
1030900000000000000           0           0           0
1040000000000000000       91796       91796       17930
1040100000000000000       97599       97599       20029
1040101000000000000           0           0           0
1040101010000000000           0           0           0
1040101010100000000           0           0           0
1040101010200000000           0           0           0
1040101010300000000           0           0           0
1040101010400000000           0           0           0
1040101020000000000           0           0           0
1040102000000000000       97599       97599       20029
1040102010000000000       97599       97599       20029
1040102020000000000           0           0           0
1040103000000000000           0           0           0
1040900000000000000       -5804       -5804       -2099
1050000000000000000        1809        1809         413
1050100000000000000           0           0           0
1050300000000000000           0           0           0
1050800000000000000        1809        1809         413
1050900000000000000           0           0           0
1060000000000000000         429         429           0
1060100000000000000         768         768           0
1060900000000000000        -339        -339           0
1070000000000000000        4402        4402          59
1070100000000000000        7690        7690          59
1070900000000000000       -3288       -3288           0
1080000000000000000        4521        4521        1744
1080100000000000000           5           5           0
1080200000000000000         803         803          95
1080900000000000000        -609        -609           0
1081100000000000000         298         298           0
1081200000000000000           0           0           0
1081900000000000000        4000        4000        1648
2000000000000000000      116532      116532       30523
2020000000000000000         807         807          33
2020100000000000000         807         807          33
2020101000000000000         478         478           4
2020101010000000000         478         478           4
2020101010100000000         478         478           4
2020101010200000000           0           0           0
2020101010300000000           0           0           0
2020101010400000000           0           0           0
2020101020000000000           0           0           0
2020102000000000000         329         329          28
2020103000000000000           0           0           0
2020103010000000000           0           0           0
2020103020000000000           0           0           0
2020103030000000000           0           0           0
2020103080000000000           0           0           0
2020103090000000000           0           0           0
2020103100000000000           0           0           0
2020103110000000000           0           0           0
2020103120000000000           0           0           0
2020103130000000000           0           0           0
2020103140000000000           0           0           0
2020103160000000000           0           0           0
2020103710000000000           0           0           0
2020103990000000000           0           0           0
2020104000000000000           0           0           0
2020104010000000000           0           0           0
2020104020000000000           0           0           0
2020104030000000000           0           0           0
2030000000000000000           0           0           0
2030100000000000000           0           0           0
2030103000000000000           0           0           0
2030103020000000000           0           0           0
2030103030000000000           0           0           0
2030103070000000000           0           0           0
2030103080000000000           0           0           0
2030103090000000000           0           0           0
2030103100000000000           0           0           0
2030103160000000000           0           0           0
2030103710000000000           0           0           0
2030103990000000000           0           0           0
2040000000000000000       18432       18432        4472
2040100000000000000       18432       18432        4472
2040101000000000000           0           0           0
2040101010000000000           0           0           0
2040101010100000000           0           0           0
2040101010200000000           0           0           0
2040101010300000000           0           0           0
2040101010400000000           0           0           0
2040101020000000000           0           0           0
2040102000000000000       15582       15582        4089
2040102010000000000        1292        1292         717
2040102020000000000       14290       14290        3372
2040103000000000000        2851        2851         383
2040103020000000000           0           0           0
2040103030000000000           0           0           0
2040103070000000000           0           0           0
2040103080000000000        2851        2851         383
2040103090000000000           0           0           0
2040103100000000000           0           0           0
2040103110000000000           0           0           0
2040103120000000000           0           0           0
2040103130000000000           0           0           0
2040103140000000000           0           0           0
2040103160000000000           0           0           0
2040103710000000000           0           0           0
2040103990000000000           0           0           0
2040104000000000000           0           0           0
2040104010000000000           0           0           0
2040104020000000000           0           0           0
2040104030000000000           0           0           0
2050000000000000000       46343       46343       20631
2050100000000000000       46343       46343       20631
2050101000000000000           0           0           0
2050101010000000000           0           0           0
2050101010100000000           0           0           0
2050101010200000000           0           0           0
2050101010300000000           0           0           0
2050101010400000000           0           0           0
2050101020000000000           0           0           0
2050102000000000000       40969       40969       20250
2050102010000000000           0           0           0
2050102020000000000       40969       40969       20250
2050103000000000000        4883        4883         381
2050103020000000000           0           0           0
2050103030000000000         491         491           0
2050103070000000000           0           0           0
2050103080000000000        4383        4383         381
2050103090000000000           0           0           0
2050103100000000000         500         500           0
2050103110000000000           0           0           0
2050103120000000000           0           0           0
2050103130000000000           0           0           0
2050103140000000000           0           0           0
2050103160000000000           0           0           0
2050103710000000000           0           0           0
2050103990000000000           0           0           0
2050104000000000000           0           0           0
2050104010000000000           0           0           0
2050104020000000000           0           0           0
2050104030000000000           0           0           0
2050200000000000000           0           0           0
2050201000000000000           0           0           0
2050201010000000000           0           0           0
2050201010100000000           0           0           0
2050201010101000000           0           0           0
2050201010103000000           0           0           0
2050201010103010000           0           0           0
2050201010103020000           0           0           0
2050201010200000000           0           0           0
2050201010300000000           0           0           0
2050201010400000000           0           0           0
2050201020000000000           0           0           0
2050202000000000000           0           0           0
2050203000000000000           0           0           0
2050203010000000000           0           0           0
2050203020000000000           0           0           0
2050203030000000000           0           0           0
2050203070000000000           0           0           0
2050203080000000000           0           0           0
2050203090000000000           0           0           0
2050203100000000000           0           0           0
2050203110000000000           0           0           0
2050203120000000000           0           0           0
2050203130000000000           0           0           0
2050203140000000000           0           0           0
2050203160000000000           0           0           0
2050203710000000000           0           0           0
2050203990000000000           0           0           0
2050204000000000000           0           0           0
2050204010000000000           0           0           0
2050204020000000000           0           0           0
2050204030000000000           0           0           0
2060000000000000000       15020       15020        5691
2060100000000000000       15020       15020        5691
2060101000000000000           0           0           0
2060101010000000000           0           0           0
2060101010100000000           0           0           0
2060101010200000000           0           0           0
2060101010202000000           0           0           0
2060101010219000000           0           0           0
2060101010299000000           0           0           0
2060102000000000000           0           0           0
2060103000000000000       14216       14216           0
2060103020000000000           0           0           0
2060103030000000000        1832        1832           0
2060103070000000000           0           0           0
2060103080000000000           0           0           0
2060103090000000000           0           0           0
2060103100000000000           0           0           0
2060103110000000000           0           0           0
2060103130000000000           0           0           0
2060103160000000000           0           0           0
2060103710000000000       12384       12384           0
2060103990000000000           0           0           0
2060104000000000000         369         369        5691
2060104010000000000           0           0        5691
2060104020000000000         369         369           0
2060104030000000000           0           0           0
2060200000000000000           0           0           0
2060201000000000000           0           0           0
2060201010000000000           0           0           0
2060201010100000000           0           0           0
2060201010101000000           0           0           0
2060201010103000000           0           0           0
2060201010103010000           0           0           0
2060201010103020000           0           0           0
2060201010200000000           0           0           0
2060201020000000000           0           0           0
2060202000000000000           0           0           0
2060203000000000000           0           0           0
2060203010000000000           0           0           0
2060203020000000000           0           0           0
2060203030000000000           0           0           0
2060203070000000000           0           0           0
2060203080000000000           0           0           0
2060203090000000000           0           0           0
2060203100000000000           0           0           0
2060203110000000000           0           0           0
2060203120000000000           0           0           0
2060203130000000000           0           0           0
2060203140000000000           0           0           0
2060203160000000000           0           0           0
2060203710000000000           0           0           0
2060203990000000000           0           0           0
2060204000000000000           0           0           0
2060204010000000000           0           0           0
2060204020000000000           0           0           0
2060204030000000000           0           0           0
2060400000000000000           0           0           0
2060401000000000000           0           0           0
2060401010000000000           0           0           0
2060401010100000000           0           0           0
2060401010200000000           0           0           0
2060401010300000000           0           0           0
2060401010400000000           0           0           0
2060401020000000000           0           0           0
2060402000000000000           0           0           0
2060403000000000000           0           0           0
2060403010000000000           0           0           0
2060403020000000000           0           0           0
2060403030000000000           0           0           0
2060403070000000000           0           0           0
2060403080000000000           0           0           0
2060403090000000000           0           0           0
2060403100000000000           0           0           0
2060403110000000000           0           0           0
2060403120000000000           0           0           0
2060403130000000000           0           0           0
2060403140000000000           0           0           0
2060403160000000000           0           0           0
2060403710000000000           0           0           0
2060403990000000000           0           0           0
2060404000000000000           0           0           0
2060404010000000000           0           0           0
2060404020000000000           0           0           0
2060404030000000000           0           0           0
2070000000000000000        1563        1563         342
2070100000000000000          65          65          23
2070200000000000000           0           0           0
2070400000000000000        1498        1498         319
2080000000000000000        8427        8427       -1815
2080100000000000000         739         739          -1
2080101000000000000         739         739          -1
2080102000000000000           0           0           0
2080200000000000000         148         148          28
2080201000000000000          83          83           0
2080202000000000000           0           0           0
2080209000000000000          65          65          28
2081100000000000000           0           0           0
2081200000000000000           0           0           0
2081900000000000000        7537        7537       -1842
2090000000000000000        1814        1814         272
2090100000000000000        1773        1773         271
2090900000000000000          41          41           1
2100000000000000000       11681       11681           0
2100100000000000000       11681       11681           0
2100101000000000000       11681       11681           0
2100101010000000000       11681       11681           0
2100101010100000000           0           0           0
2100101010200000000           0           0           0
2100101010300000000           0           0           0
2100101010400000000       11681       11681           0
2100101020000000000           0           0           0
2100102000000000000           0           0           0
2100103000000000000           0           0           0
2100103020000000000           0           0           0
2100103030000000000           0           0           0
2100103070000000000           0           0           0
2100103080000000000           0           0           0
2100103090000000000           0           0           0
2100103100000000000           0           0           0
2100103110000000000           0           0           0
2100103120000000000           0           0           0
2100103130000000000           0           0           0
2100103140000000000           0           0           0
2100103160000000000           0           0           0
2100103710000000000           0           0           0
2100103990000000000           0           0           0
2100104000000000000           0           0           0
2100104010000000000           0           0           0
2100104020000000000           0           0           0
2100104030000000000           0           0           0
2110000000000000000         106         106           0
2120000000000000000        3822        3822           0
2130000000000000000           0           0           0
2140000000000000000           0           0           0
2150000000000000000        6716        6716           0
2160000000000000000        1800        1800         898
7100000000000000000        1604        1604          32
7200000000000000000        1604        1604          32
                                                  F,66  