0116010010920210331012
   100                 0                 0                 0                 0                 0                 0                 0                 0                 0                 0                 0                 0
   200                 0                 0                 0                 0                 0                 0                 0                 0                 0                 0                 0                 0
   300        3110111181        1150072873         600000000                 0         400000000                 0                 0                 0                 0                 0                 0        5260184054
   400                 0                 0                 0                 0                 0                 0                 0                 0                 0                 0                 0                 0
   500        1057074880                 0                 0                 0                 0                 0                 0                 0                 0         100301020                 0        1157375900
   600                 0                 0                 0                 0                 0                 0                 0          11334912                 0                 0                 0          11334912
   700         178435052         107647443         132074684         133686105          80331263         317646316         337990798         473413879        1167654071        1868630781         398113026        5195623418
   800        1446761408        1040417045        1041599027        1051415933        1036238765         995585315        2636464033        2076560692        4830297576        3664903444         334881205       20155124443
   900          25851299          16449259          15069646          16966567          16947313          16277030          52372775          51351739         209867549         515135880         565961334        1502250391
  1000        1037778638         353961128         343797993         349064315         329747777         316309915         894060025         774918726        2256689456        3186525291         237429863       10080283127
  1010          39977247           5561439          16010144          63346781         120239996         150881351         532391996         535023357        1838009654         531926075                 0        3833368040
  1020                 0                 0                 0                 0                 0                 0                 0                 0                 0                 0                 0                 0
  1030          18322638          15280335          15645465          17346115          17038451          18063119          59863315          64601530         250939090         527429005         110725588        1115254651
  1100                 0                 0                 0                 0                 0                 0                 0                 0                 0                 0                 0                 0
  1200                 0         211053578          26881237          48371098                 0                 0                 0                 0                 0                 0                 0         286305913
  1300                 0                 0                 0                 0                 0                 0                 0                 0                 0                 0                 0                 0
  1400        6914312343        2900443100        2191078196        1680196914        2000543565        1814763046        4513142942        3987204835       10553457396       10394851496        1647111016       48597104849
  1500                 0                 0                 0                 0                 0                 0                 0                 0                 0                 0                 0                 0
  1600         527680836         464176058         553660693         656945915         543705833         497018220        1063545390        1275201082        2026693743         114381537                 0        7723009307
  1700         238903948         347977162         314847375         450323939         398361335         418793988        1070334138        1032860678        1873926352         193367923                 0        6339696838
  1800         252442735          51390800         160945806         155461689         610980098         100000000         129841818         922159170         591006885         400000000                 0        3374229001
  2000         249966294         269799737         619983515         354257749         314104276         304839233         686356136         691257170        1447948421         588638681                 0        5527151212
  2100                 0                 0                 0                 0                 0                 0                 0                 0                 0                 0                 0                 0
  2200         100007484                 0                 0                 0                 0                 0                 0                 0                 0                 0                 0         100007484
  2300          57802543          51859026          50873297          55208483          83800019          82389998         228244525         201994455         642646146         325546926         192938108        1973303526
  2400                 0                 0                 0                 0                 0                 0                 0                 0                 0                 0                 0                 0
  2500                 0                 0                 0                 0                 0                 0                 0                 0                 0                 0                 0                 0
  2600                 0                 0                 0                 0                 0                 0                 0                 0                 0                 0                 0                 0
  2700                 0                 0                 0                 0                 0                 0                 0                 0                 0                 0                 0                 0
  2710                 0                 0                 0                 0                 0                 0                 0                 0                 0        3769615598                 0        3769615598
  2720                 0                 0                 0                 0                 0                 0                 0                 0                 0                 0                 0                 0
  2800                 0                 0                 0                 0                 0                 0                 0                 0                 0                 0                 0                 0
  2900        1426803840        1185202783        1700310686        1672197775        1950951561        1403041439        3178322007        4123472555        6582221547        5391550665         192938108       28807012966
  3000                 0                 0                 0                 0                 0                 0                 0                 0                 0                 0                 0                 0
  3100                 0                 0                 0                 0                 0                 0                 0                 0                 0                 0                 0                 0
  3200         433524088          64995828          81106132          62754368          74113069          52300185         116585192         154048946         694273705          51847437                 0        1785548950
  3300                 0                 0                 0                 0                 0                 0                 0                 0                 0                 0                 0                 0
  3400                 0                 0                 0                 0                 0                 0                 0                 0                 0                 0                 0                 0
  3500                 0                 0                 0                 0                 0                 0                 0                 0                 0                 0                 0                 0
  3600                 0                 0                 0                 0                 0                 0                 0                 0                 0                 0                 0                 0
  3700                 0                 0                 0                 0                 0                 0                 0                 0                 0                 0                 0                 0
  3800                 0                 0                 0                 0                 0                 0                 0                 0                 0                 0                 0                 0
  3900                 0                 0                 0                 0                 0                 0                 0                 0                 0                 0                 0                 0
  4000          44192828                 0          66324105                 0                 0                 0                 0           7300536          13184682                 0                 0         131002151
  4100                 0                 0                 0                 0                 0                 0                 0                 0                 0                 0                 0                 0
  4200                 0                 0                 0                 0                 0                 0                 0                 0                 0                 0                 0                 0
  4300         477716916          64995828         147430237          62754368          74113069          52300185         116585192         161349482         707458387          51847437                 0        1916551101
  4400                 0                 0                 0                 0                 0                 0                 0                 0                 0                 0                 0                 0
  4500          13754445                 0                 0                 0                 0                 0                 0                 0                 0                 0                 0          13754445
  4600                 0                 0                 0                 0                 0                 0                 0                 0                 0                 0                 0                 0
  4700                 0                 0                 0                 0                 0                 0                 0                 0                 0                 0                 0                 0
  4800         484227597         200573638         153905565                 0                 0                 0                 0                 0        3484384236                 0                 0        4323091036
  4900         193697714          80232220          61564348                 0                 0                 0                 0                 0        1393801731                 0                 0        1729296013
  5000          44853435          18578901          14256092                 0                 0                 0                 0                 0         322754431                 0                 0         400442859
  5100         406788282         168497224         129292467                 0                 0                 0                 0                 0        5052669650                 0                 0        5757247623
  5200          62048835          25701469          19721431                 0                 0                 0                 0                 0         770701321                 0                 0         878173056
  5300           1993807            825862            633706                 0                 0                 0                 0                 0          24764848                 0                 0          28218223
  5500          74628940          74093104          10088159                 0                 0                 0                 0                 0         212924529                 0                 0         371734731
  5600            717665                 0                 0                 0                 0                 0                 0                 0                 0                 0                 0            717665
  5700                 0                 0                 0                 0                 0                 0                 0                 0                 0                 0                 0                 0
  5800         447170899                 0          75083534                 0                 0          70170080                 0                 0          22911987                 0                 0         615336500
  5900                 0                 0                 0                 0                 0                 0                 0                 0                 0                 0                 0                 0
  6000                 0                 0                 0                 0                 0                 0                 0                 0                 0                 0                 0                 0
  6100        1729881619         568502418         464545302                 0                 0          70170080                 0                 0       11284912733                 0                 0       14118012151
  6200        4235343800        1211733727         173652445          70753507         123705073         393851712        1451406127          25081762       -6606218497        5055148268        1454172908        7588630833
  6300        4235343800        5447077528        5620729973        5691483480        5815188553        6209040265        7660446392        7685528154        1079309657        6134457925        7588630833                 0
  6400                46                59                61                62                63                67                83                83                12                66                82                 0
