0116040010920210331012
   100                 1                12
   200                 2                16
   300                 1                 8
   400                 2                12
   500                 5                30
   600                 0                 1
   700                 0                 0
   800                 0                50
   900                 0                 0
  1000                 0                18
  1100                 0                10
  1200                 0                27
