0116020010920210331012
   100                 0                 0                 0                 0                 0                 0                 0                 0                 0                 0                 0                 0
   200                 0                 0                 0                 0                 0                 0                 0                 0                 0                 0                 0                 0
   300         212000000          45021574          30000000                 0                 0                 0                 0                 0                 0                 0                 0         287021574
   400                 0                 0                 0                 0                 0                 0                 0                 0                 0                 0                 0                 0
   500                 0                 0                 0                 0                 0                 0                 0                 0                 0                 0                 0                 0
   600                 0                 0                 0                 0                 0                 0                 0                 0                 0                 0                 0                 0
   700            354840            604241            604619            612435            310245            807913           2472222           2534377           7054185          14684589                 0          30039666
   800            191022            191461            193873            218815            200835             21661             67840             70635            301745           1126192            578593           3162672
   900                 0                 0                 0                 0                 0                 0                 0                 0                 0                 0                 0                 0
  1000            146730            129838            130159            133400            133884            135777            421320            439822           1947717                 0                 0           3618647
  1010                 0                 0                 0                 0                 0                 0                 0                 0                 0                 0                 0                 0
  1020                 0                 0                 0                 0                 0                 0                 0                 0                 0                 0                 0                 0
  1030                 0                 0            314479            448509            449892            566541           1834512           1899738           8193713           2510090                 0          16217474
  1100                 0                 0                 0                 0                 0                 0                 0                 0                 0                 0                 0                 0
  1200                 0                 0          33592876          10237862          43394126           5170391                 0                 0                 0                 0                 0          92395255
  1300                 0                 0                 0                 0                 0                 0                 0                 0                 0                 0                 0                 0
  1400         212692592          45947114          64836006          11651021          44488982           6702283           4795894           4944572          17497360          18320871            578593         432455288
  1500                 0                 0                 0                 0                 0                 0                 0                 0                 0                 0                 0                 0
  1600           6107468           3137786           4281312           7798066           7478134           1110891           6023732          17497214           8794635                 0                 0          62229238
  1700          10342879           1062441           6304104                 0           1320921           3164673            359828           1010507           3007999           5896429                 0          32469781
  1800                 0           9785454                 0                 0                 0           1331257            926258           8498860          55145862           5763710                 0          81451401
  2000            927911           4615183            815009            190711           1093787           3402454           3110278           3525409           1017560             30427                 0          18728729
  2100                 0                 0                 0                 0                 0                 0                 0                 0                 0                 0                 0                 0
  2200                 0                 0                 0                 0                 0                 0                 0                 0                 0                 0                 0                 0
  2300                 0                 0                 0                 0                 0                 0                 0                 0                 0                 0                 0                 0
  2400           2636667                 0                 0                 0                 0                 0                 0                 0                 0         100000000                 0         102636667
  2500                 0                 0                 0                 0                 0                 0                 0                 0                 0                 0                 0                 0
  2600                 0                 0                 0                 0                 0                 0                 0                 0                 0                 0                 0                 0
  2700                 0                 0                 0                 0                 0                 0                 0                 0                 0                 0                 0                 0
  2710                 0                 0                 0                 0                 0                 0                 0                 0                 0                 0                 0                 0
  2720                 0                 0                 0                 0                 0                 0                 0                 0                 0                 0                 0                 0
  2800                 0                 0                 0                 0                 0                 0                 0                 0                 0                 0                 0                 0
  2900          20014925          18600864          11400425           7988777           9892842           9009275          10420096          30531990          67966056         111690566                 0         297515816
  3000                 0                 0                 0                 0                 0                 0                 0                 0                 0                 0                 0                 0
  3100                 0                 0                 0                 0                 0                 0                 0                 0                 0                 0                 0                 0
  3200          42122708           6526513           3596563           1751575           2171648           1975336           2284112           6700736          56170522           2560752                 0         125860465
  3300                 0                 0                 0                 0                 0                 0                 0                 0                 0                 0                 0                 0
  3400                 0                 0                 0                 0                 0                 0                 0                 0                 0                 0                 0                 0
  3500                 0                 0                 0                 0                 0                 0                 0                 0                 0                 0                 0                 0
  3600                 0                 0                 0                 0                 0                 0                 0                 0                 0                 0                 0                 0
  3700                 0                 0                 0                 0                 0                 0                 0                 0                 0                 0                 0                 0
  3800                 0                 0                 0                 0                 0                 0                 0                 0                 0                 0                 0                 0
  3900                 0                 0                 0                 0                 0                 0                 0                 0                 0                 0                 0                 0
  4000             26464                 0            101438                 0                 0                 0                 0                 0            589351                 0                 0            717253
  4100                 0                 0                 0                 0                 0                 0                 0                 0                 0                 0                 0                 0
  4200                 0                 0                 0                 0                 0                 0                 0                 0                 0                 0                 0                 0
  4300          42149172           6526513           3698001           1751575           2171648           1975336           2284112           6700736          56759873           2560752                 0         126577718
  4400                 0                 0                 0                 0                 0                 0                 0                 0                 0                 0                 0                 0
  4500              7104              4232                 0                 0                 0                 0                 0                 0                 0                 0                 0             11336
  4600                 0                 0                 0                 0                 0                 0                 0                 0                 0                 0                 0                 0
  4700                 0                 0                 0                 0                 0                 0                 0                 0                 0                 0                 0                 0
  4800           5090825           2108689           1618054                 0                 0                 0                 0                 0          37522374                 0                 0          46339942
  4900           1518164            628844            482529                 0                 0                 0                 0                 0          11189765                 0                 0          13819302
  5000           4078666           1689439           1296352                 0                 0                 0                 0                 0          30062167                 0                 0          37126624
  5100           3935903           1630305           1250977                 0                 0                 0                 0                 0          69775439                 0                 0          76592624
  5200            234330             97063             74479                 0                 0                 0                 0                 0           4154190                 0                 0           4560062
  5300            846405            350593            269019                 0                 0                 0                 0                 0          15005019                 0                 0          16471036
  5500          11206845           4642027                 0                 0                 0                 0                 0                 0          13321300                 0                 0          29170171
  5600            174847                 0                 0                 0                 0                 0                 0                 0                 0                 0                 0            174847
  5700                 0                 0                 0                 0                 0                 0                 0                 0                 0                 0                 0                 0
  5800          39065923                 0           1187090                 0                 0                 0                 0                 0            523534                 0                 0          40776547
  5900                 0                 0                 0                 0                 0                 0                 0                 0                 0                 0                 0                 0
  6000                 0                 0                 0                 0                 0                 0                 0                 0                 0                 0                 0                 0
  6100          66159012          11151192           6178500                 0                 0                 0                 0                 0         181553788                 0                 0         265042491
  6200         168667827          22721571          50955082           5413819          36767788           -331656          -3340090         -18886682        -175262611         -90808943            578593          -3525301
  6300         168667827         191389398         242344480         247758299         284526087         284194431         280854341         261967659          86705049          -4103894          -3525301                 0
  6400                 7                 8                10                10                12                12                11                11                 4                 0                 0                 0
