0116030010920210331012
   100                 0                 0                 0                 0                 0                 0                 0                 0                 0                 0                 0                 0
   200                 0                 0                 0                 0                 0                 0                 0                 0                 0                 0                 0                 0
   300        3906595181        1319218927         712710000                 0         400000000                 0                 0                 0                 0                 0                 0        6338524108
   400                 0                 0                 0                 0                 0                 0                 0                 0                 0                 0                 0                 0
   500        1057074880                 0                 0                 0                 0                 0                 0                 0                 0         100301020                 0        1157375900
   600                 0                 0                 0                 0                 0                 0                 0          11334912                 0                 0                 0          11334912
   700         179768186         109917576         134346238         135987023          81496853         320681645         347278936         482935533        1194156644        1923800782         398113026        5308482443
   800        1447479078        1041136364        1042327408        1052238021        1036993302         995666695        2636718908        2076826068        4831431232        3669134547         337054979       20167006602
   900          25851299          16449259          15069646          16966567          16947313          16277030          52372775          51351739         209867549         515135880         565961334        1502250391
  1000        1038329903         354448929         344287000         349565499         330250779         316820029         895642924         776571137        2264007029        3186525291         237429863       10093878384
  1010          39977247           5561439          16010144          63346781         120239996         150881351         532391996         535023357        1838009654         531926075                 0        3833368040
  1020                 0                 0                 0                 0                 0                 0                 0                 0                 0                 0                 0                 0
  1030          18322638          15280335          16826963          19031163          18728695          20191614          66755577          71738846         281722870         536859413         110725588        1176183701
  1100                 0                 0                 0                 0                 0                 0                 0                 0                 0                 0                 0                 0
  1200                 0         211053578         153089672          86834746         163031731          19425159                 0                 0                 0                 0                 0         633434886
  1300                 0                 0                 0                 0                 0                 0                 0                 0                 0                 0                 0                 0
  1400        7713398411        3073066407        2434667071        1723969800        2167688670        1839943523        4531161116        4005781592       10619194978       10463683008        1649284790       50221839366
  1500                 0                 0                 0                 0                 0                 0                 0                 0                 0                 0                 0                 0
  1600         550626593         475964720         569745582         686243249         571801182         501191837        1086176551        1340938115        2059735187         114381537                 0        7956804554
  1700         277762144         351968753         338531894         450323939         403324035         430683664        1071686012        1036657153        1885227404         215520807                 0        6461685805
  1800         252442735          88154751         160945806         155461689         610980098         105001533         133321769         954089387         798189889         421654258                 0        3680241915
  2000         253452456         287138980         623045504         354974250         318213634         317622253         698041450         704502132        1451771394         588752995                 0        5597515047
  2100                 0                 0                 0                 0                 0                 0                 0                 0                 0                 0                 0                 0
  2200         100007484                 0                 0                 0                 0                 0                 0                 0                 0                 0                 0         100007484
  2300          57802543          51859026          50873297          55208483          83800019          82389998         228244525         201994455         642646146         325546926         192938108        1973303526
  2400           9905958                 0                 0                 0                 0                 0                 0                 0                 0         375700000                 0         385605958
  2500                 0                 0                 0                 0                 0                 0                 0                 0                 0                 0                 0                 0
  2600                 0                 0                 0                 0                 0                 0                 0                 0                 0                 0                 0                 0
  2700                 0                 0                 0                 0                 0                 0                 0                 0                 0                 0                 0                 0
  2710                 0                 0                 0                 0                 0                 0                 0                 0                 0        3769615598                 0        3769615598
  2720                 0                 0                 0                 0                 0                 0                 0                 0                 0                 0                 0                 0
  2800                 0                 0                 0                 0                 0                 0                 0                 0                 0                 0                 0                 0
  2900        1501999913        1255086229        1743142083        1702211610        1988118968        1436889285        3217470308        4238181241        6837570019        5811172121         192938108       29924779887
  3000                 0                 0                 0                 0                 0                 0                 0                 0                 0                 0                 0                 0
  3100                 0                 0                 0                 0                 0                 0                 0                 0                 0                 0                 0                 0
  3200         591779102          89515937          94618419          69335035          82271951          59721522         125166601         179223611         905306356          61468182                 0        2258406717
  3300                 0                 0                 0                 0                 0                 0                 0                 0                 0                 0                 0                 0
  3400                 0                 0                 0                 0                 0                 0                 0                 0                 0                 0                 0                 0
  3500                 0                 0                 0                 0                 0                 0                 0                 0                 0                 0                 0                 0
  3600                 0                 0                 0                 0                 0                 0                 0                 0                 0                 0                 0                 0
  3700                 0                 0                 0                 0                 0                 0                 0                 0                 0                 0                 0                 0
  3800                 0                 0                 0                 0                 0                 0                 0                 0                 0                 0                 0                 0
  3900                 0                 0                 0                 0                 0                 0                 0                 0                 0                 0                 0                 0
  4000          44292253                 0          66705208                 0                 0                 0                 0           7300536          15398874                 0                 0         133696871
  4100                 0                 0                 0                 0                 0                 0                 0                 0                 0                 0                 0                 0
  4200                 0                 0                 0                 0                 0                 0                 0                 0                 0                 0                 0                 0
  4300         636071355          89515937         161323627          69335035          82271951          59721522         125166601         186524147         920705230          61468182                 0        2392103588
  4400                 0                 0                 0                 0                 0                 0                 0                 0                 0                 0                 0                 0
  4500          13781135             15900                 0                 0                 0                 0                 0                 0                 0                 0                 0          13797034
  4600                 0                 0                 0                 0                 0                 0                 0                 0                 0                 0                 0                 0
  4700                 0                 0                 0                 0                 0                 0                 0                 0                 0                 0                 0                 0
  4800         503353827         208495983         159984594                 0                 0                 0                 0                 0        3625355795                 0                 0        4497190198
  4900         199401456          82594787          63377209                 0                 0                 0                 0                 0        1435841678                 0                 0        1781215131
  5000          60176983          24926123          19126486                 0                 0                 0                 0                 0         435697992                 0                 0         539927585
  5100         421575470         174622280         133992388                 0                 0                 0                 0                 0        5314815974                 0                 0        6045006111
  5200          62929213          26066135          20001249                 0                 0                 0                 0                 0         786308613                 0                 0         895305209
  5300           5173751           2143040           1644410                 0                 0                 0                 0                 0          81138704                 0                 0          90099905
  5500         116733055          91533199          10088159                 0                 0                 0                 0                 0         262972652                 0                 0         481327065
  5600           1374565                 0                 0                 0                 0                 0                 0                 0                 0                 0                 0           1374565
  5700                 0                 0                 0                 0                 0                 0                 0                 0                 0                 0                 0                 0
  5800         593941572                 0          79543431                 0                 0          70170080                 0                 0          24878904                 0                 0         768533987
  5900                 0                 0                 0                 0                 0                 0                 0                 0                 0                 0                 0                 0
  6000                 0                 0                 0                 0                 0                 0                 0                 0                 0                 0                 0                 0
  6100        1978441026         610397446         487757926                 0                 0          70170080                 0                 0       11967010313                 0                 0       15113776791
  6200        4869028828        1297098669         365090688          91093225         261841653         392605680        1438857409         -45875502       -7264680125        4713979069        1456346682        7575386276
  6300        4869028828        6166127497        6531218185        6622311410        6884153063        7276758743        8715616152        8669740650        1405060525        6119039594        7575386276                 0
  6400                53                67                71                72                74                79                94                94                15                66                82                 0
