0116050010920210331012
   100                 0                 0                 0                 0                 0                 0                 0                 0                 0                 0                 0                 0                 0                 0                 0                 0                 0                 0                 0                 0
   200                 0                 0                 0                 0                 0                 0                 0                 0                 0                 0                 0                 0                 0                 0                 0                 0                 0                 0                 0                 0
   300        3543635269         254122708        1215068701          51548087         681106132          33596563          62754368           1751575         474113069           2171648          52300185           1975336         116585192           2284112         154048946           6700736         746121142          58731274        7045733004         412882039
   400                 0                 0                 0                 0                 0                 0                 0                 0                 0                 0                 0                 0                 0                 0                 0                 0                 0                 0                 0                 0
   500                 0                 0                 0                 0                 0                 0                 0                 0                 0                 0                 0                 0                 0                 0                 0                 0                 0                 0                 0                 0
   600         634244928                 0                 0                 0                 0                 0                 0                 0                 0                 0                 0                 0                 0                 0                 0                 0                 0                 0         634244928                 0
   700                 0                 0                 0                 0                 0                 0                 0                 0                 0                 0                 0                 0                 0                 0          11334912                 0                 0                 0          11334912                 0
   800         151615332            301506          91467470            513420         112223170            513742         113592386            520383          68257055            263614         269902417            686479         287189017           2100634         402257302           2153447        3699119270          22986441        5195623418          30039666
   900        1229305617            162310         884036932            162683         885041256            164733         893382630            185926         880486670            170648         845943645             18405        2240189727             57643        1764442781             60018       10532295184           2180304       20155124443           3162672
  1000          21965714                 0          13976850                 0          12804600                 0          14416403                 0          14400043                 0          13830507                 0          44500874                 0          43633305                 0        1322722096                 0        1502250391                 0
  1100         881795092            124676         300758923            110323         292123360            110595         296598126            113349         280184965            113761         268766884            115369         759678137            357993         658444397            373714        6341933244           2198867       10080283127           3618647
  1110          33968458                 0           4725526                 0          13603736                 0          53825429                 0         102167297                 0         128203096                 0         452370700                 0         454606554                 0        2589897244                 0        3833368040                 0
  1120                 0                 0                 0                 0                 0                 0                 0                 0                 0                 0                 0                 0                 0                 0                 0                 0                 0                 0                 0                 0
  1200                 0                 0                 0                 0                 0                 0                 0                 0                 0                 0                 0                 0                 0                 0                 0                 0                 0                 0                 0                 0
  1300          44192828             26464         211053578                 0          93205342          33694314          48371098          10237862                 0          43394126                 0           5170391                 0                 0           7300536                 0          13184682            589351         417308064          93112508
  1400                 0                 0                 0                 0                 0                 0                 0                 0                 0                 0                 0                 0                 0                 0                 0                 0                 0                 0                 0                 0
  1500                 0                 0                 0                 0                 0                 0                 0                 0                 0                 0                 0                 0                 0                 0                 0                 0                 0                 0                 0                 0
  1600        6540723238         254737664        2721087980          52334514        2090107595          68079947        1482940441          12809095        1819609099          46113797        1578946735           7965981        3900513646           4800383        3496068732           9287916       25245272861          86686237       48875270327         542815532
  1700                 0                 0                 0                 0                 0                 0                 0                 0                 0                 0                 0                 0                 0                 0                 0                 0                 0                 0                 0                 0
  1800          13754445              7104                 0              4232                 0                 0                 0                 0                 0                 0                 0                 0                 0                 0                 0                 0                 0                 0          13754445             11336
  1900                 0                 0                 0                 0                 0                 0                 0                 0                 0                 0                 0                 0                 0                 0                 0                 0                 0                 0                 0                 0
  2000                 0                 0                 0                 0                 0                 0                 0                 0                 0                 0                 0                 0                 0                 0                 0                 0                 0                 0                 0                 0
  2100         544399688           5723432         186573216           1961499         107733896           1132638                 0                 0                 0                 0                 0                 0                 0                 0        1045315271          11256712        2439068965          26265662        4323091036          46339942
  2200         233813824           1832586          70898284            555687          30782174            241265                 0                 0                 0                 0                 0                 0                 0                 0         696900866           5594883         696900866           5594883        1729296013          13819302
  2300          54142886           4923386          16417497           1492896           7128046            648176                 0                 0                 0                 0                 0                 0                 0                 0         161377216          15031084         161377216          15031084         400442859          37126624
  2400        1124271103          11473798         647757245           4997350         675150987           6212022         622973890           7702086         529699549           5567961         666976371           2584743        1127042098           9465777        3050764236          35819072        5035621451          54999052       13480256930         138821862
  2500         487792099          11156961         354123719           3769044         392446373           3189292         424342637            660461         408577662           2242797         744564063           1762251        1051597408            685168        1935428137           7034563        1418997798           6529309        7217869894          37029843
  2600         280544873           5914429         106898087           5202533         158520601            134510         383220894                 0         355490049            665629         114920909           1128758         526000494           4712559         968965452          42206726         507885867          37957296        3402447224          97922437
  2800         324595234          12134756         343892841           9257210         630071674            815009         354257749            190711         314104276           1093787         304839233           3402454         686356136           3110278         691257170           3525409        2249511631          14369287        5898885943          47898900
  2900                 0                 0                 0                 0                 0                 0                 0                 0                 0                 0                 0                 0                 0                 0                 0                 0                 0                 0                 0                 0
  3000         100725149            174847                 0                 0                 0                 0                 0                 0                 0                 0                 0                 0                 0                 0                 0                 0                 0                 0         100725149            174847
  3100          57802543                 0          51859026                 0          50873297                 0          55208483                 0          83800019                 0          82389998                 0         228244525                 0         201994455                 0        1161131180                 0        1973303526                 0
  3200                 0           2636667                 0                 0                 0                 0                 0                 0                 0                 0                 0                 0                 0                 0                 0                 0                 0         100000000                 0         102636667
  3300                 0                 0                 0                 0                 0                 0                 0                 0                 0                 0                 0                 0                 0                 0                 0                 0                 0                 0                 0                 0
  3400                 0                 0                 0                 0                 0                 0                 0                 0                 0                 0                 0                 0                 0                 0                 0                 0                 0                 0                 0                 0
  3500         447170899          39065923                 0                 0          75083534           1187090                 0                 0                 0                 0          70170080                 0                 0                 0                 0                 0          22911987            523534         615336500          40776547
  3510                 0                 0                 0                 0                 0                 0                 0                 0                 0                 0                 0                 0                 0                 0                 0                 0        3769615598                 0        3769615598                 0
  3520                 0                 0                 0                 0                 0                 0                 0                 0                 0                 0                 0                 0                 0                 0                 0                 0                 0                 0                 0                 0
  3600                 0                 0                 0                 0                 0                 0                 0                 0                 0                 0                 0                 0                 0                 0                 0                 0                 0                 0                 0                 0
  3700                 0                 0                 0                 0                 0                 0                 0                 0                 0                 0                 0                 0                 0                 0                 0                 0                 0                 0                 0                 0
  3800        3669012742          95043888        1778419914          27240449        2127790580          13560000        1840003653           8553258        1691671555           9570174        1983860654           8878205        3619240661          17973781        8752002802         120468447       17463022557         261270105       42925025117         562558307
  3900        2871710496         159693776         942668066          25094064         -37682984          54519947        -357063212           4255837         127937544          36543623        -404913919           -912225         281272986         -13173398       -5255934070        -111180532        7782250304        -174583868        5950245210         -19742775
  4000        2871710496         159693776        3814378562         184787840        3776695577         239307787        3419632365         243563624        3547569909         280107247        3142655990         279195022        3423928976         266021624       -1832005094         154841092        5950245210         -19742775       11900490420         -39485551
  4100                31                 6                41                 8                41                10                37                10                38                11                34                11                37                11               -20                 6                64                -1               129                -2
  4200                 0                 0                 0                 0                 0                 0                 0                 0                 0                 0                 0                 0                 0                 0                 0                 0                 0                 0                 0                 0
  4201                 0                 0                 0                 0          37682984                 0         357063212                 0                 0                 0         404913919                 0                 0                 0                 0                 0                 0                 0         799660115                 0
  4202                 0                 0                 0                 0                 0                 0                 0                 0                 0                 0                 0            912225                 0                 0                 0                 0                 0                 0                 0            912225
  4300                 0                 0                 0                 0          37682984                 0         357063212                 0                 0                 0         404913919            912225                 0                 0                 0                 0                 0                 0         799660115            912225
  4400        2871710496         159693776         942668066          25094064               000          54519947               000           4255837         127937544          36543623               000               000         281272986         -13173398       -5255934070        -111180532        7782250304        -174583868        6749905325         -18830550
  4500        2871710496         159693776        3814378562         184787840        3814378561         239307787        3814378561         243563624        3942316105         280107247        3942316105         280107247        4223589091         266933849       -1032344979         155753317        6749905325         -18830550       13499810650         -37661101
  4600                31                 6                41                 8                41                10                41                10                43                11                43                11                46                11               -11                 6                73                -1               146                -2
