0035010080920050203
004000200502010300000489742264
040000200502010300000257068582
070000200502010300000746810846
085000200502010300000024583101
090000200502010300000158835174
100000200502010300000183418275
004000200502020300000491616147
040000200502020300000254947265
070000200502020300000746563412
085000200502020300000026088206
090000200502020300000158835174
100000200502020300000184923380
004000200502030300000496367967
040000200502030300000254824658
070000200502030300000751192625
085000200502030300000026468607
090000200502030300000158835174
100000200502030300000185303781
004000200502040300000495421142
040000200502040300000257027317
070000200502040300000752448459
085000200502040300000026148807
090000200502040300000158835174
100000200502040300000184983981
004000200502050300000494491383
040000200502050300000257548884
070000200502050300000752040267
085000200502050300000024114713
090000200502050300000158835174
100000200502050300000182949887
004000200502060300000494527402
040000200502060300000257556678
070000200502060300000752084080
085000200502060300000024190712
090000200502060300000158835174
100000200502060300000183025886
004000200502070300000495750323
040000200502070300000257517698
070000200502070300000753268021
085000200502070300000026844113
090000200502070300000158835174
100000200502070300000185679287
004000200502080300000496426653
040000200502080300000256951910
070000200502080300000753378563
085000200502080300000025641313
090000200502080300000158835174
100000200502080300000184476487
004000200502090300000502776102
040000200502090300000255825528
070000200502090300000758601630
085000200502090300000024392392
090000200502090300000158835174
100000200502090300000183227566
004000200502100300000503124498
040000200502100300000257043930
070000200502100300000760168428
085000200502100300000023945792
090000200502100300000158835174
100000200502100300000182780966
004000200502110300000505500982
040000200502110300000256392447
070000200502110300000761893429
085000200502110300000022670491
090000200502110300000158835174
100000200502110300000181505665
004000200502120300000504986874
040000200502120300000257308611
070000200502120300000762295485
085000200502120300000024756391
090000200502120300000158835174
100000200502120300000183591565
004000200502130300000505013519
040000200502130300000257176073
070000200502130300000762189592
085000200502130300000024678691
090000200502130300000158835174
100000200502130300000183513865
004000200502140300000507028645
040000200502140300000256228506
070000200502140300000763257151
085000200502140300000028214575
090000200502140300000158835174
100000200502140300000187049749
004000200502150300000506650028
040000200502150300000255618197
070000200502150300000762268225
085000200502150300000027127976
090000200502150300000158835174
100000200502150300000185963150
004000200502160300000507388727
040000200502160300000256130621
070000200502160300000763519348
085000200502160300000021151364
090000200502160300000148835174
100000200502160300000169986538
004000200502170300000506604350
040000200502170300000254714291
070000200502170300000761318641
085000200502170300000017551877
090000200502170300000148835174
100000200502170300000166387051
004000200502180300000505655686
040000200502180300000251032620
070000200502180300000756688306
085000200502180300000017855578
090000200502180300000148835174
100000200502180300000166690752
004000200502190300000506701177
040000200502190300000250872541
070000200502190300000757573718
085000200502190300000019661878
090000200502190300000148835174
100000200502190300000168497052
004000200502200300000506746193
040000200502200300000250831783
070000200502200300000757577976
085000200502200300000019627278
090000200502200300000148835174
100000200502200300000168462452
004000200502210300000506416557
040000200502210300000251209149
070000200502210300000757625706
085000200502210300000017106577
090000200502210300000148835174
100000200502210300000165941751
004000200502220300000505903439
040000200502220300000253171926
070000200502220300000759075365
085000200502220300000019227277
090000200502220300000148835174
100000200502220300000168062451
004000200502230300000504752660
040000200502230300000249521979
070000200502230300000754274639
085000200502230300000039050708
090000200502230300000138931256
100000200502230300000177981964
004000200502240300000506086049
040000200502240300000248924672
070000200502240300000755010721
085000200502240300000017347076
090000200502240300000138931256
100000200502240300000156278332
004000200502250300000507079829
040000200502250300000245932789
070000200502250300000753012618
085000200502250300000019908677
090000200502250300000138931256
100000200502250300000158839933
004000200502260300000506088738
040000200502260300000252652448
070000200502260300000758741186
085000200502260300000025505277
090000200502260300000138931256
100000200502260300000164436533
004000200502270300000506103895
040000200502270300000252660431
070000200502270300000758764326
085000200502270300000025598777
090000200502270300000138931256
100000200502270300000164530033
004000200502280300000507808068
040000200502280300000248187293
070000200502280300000755995361
085000200502280300000026890199
090000200502280300000138931256
100000200502280300000165821455
