0035030080920050100
300000200501010000000000000000065660958
301000200501010000000000000000065660958
300000200501020000000000000000065660958
301000200501020000000000000000065660958
300000200501030000000000000000065660958
301000200501030000000000000000065660958
300000200501040000000000000000065660958
301000200501040000000000000000065660958
300000200501050000000000000000065660958
301000200501050000000000000000065660958
300000200501060000000000000000065660958
301000200501060000000000000000065660958
300000200501070000000000000000065660958
301000200501070000000000000000065660958
300000200501080000000000000000065660958
301000200501080000000000000000065660958
300000200501090000000000000000065660958
301000200501090000000000000000065660958
300000200501100000000000000000065660958
301000200501100000000000000000065660958
300000200501110000000000000000065660958
301000200501110000000000000000065660958
300000200501120000000000000000065660958
301000200501120000000000000000065660958
300000200501130000000000000000065660958
301000200501130000000000000000065660958
300000200501140000000000000000065660958
301000200501140000000000000000065660958
300000200501150000000000000000065660958
301000200501150000000000000000065660958
300000200501160000000000000000065660958
301000200501160000000000000000065660958
300000200501170000000000000000065660958
301000200501170000000000000000065660958
300000200501180000000000000000065660958
301000200501180000000000000000065660958
300000200501190000000000000000065660958
301000200501190000000000000000065660958
300000200501200000000000000000065660958
301000200501200000000000000000065660958
300000200501210000000000000000065660958
301000200501210000000000000000065660958
300000200501220000000000000000065660958
301000200501220000000000000000065660958
300000200501230000000000000000065660958
301000200501230000000000000000065660958
300000200501240000000000000000065660958
301000200501240000000000000000065660958
300000200501250000000000000000065660958
301000200501250000000000000000065660958
300000200501260000000000000000065660958
301000200501260000000000000000065660958
300000200501270000000000000000065660958
301000200501270000000000000000065660958
300000200501280000000000000000065660958
301000200501280000000000000000065660958
300000200501290000000000000000065660958
301000200501290000000000000000065660958
300000200501300000000000000000065660958
301000200501300000000000000000065660958
300000200501310000000000000000065660958
301000200501310000000000000000065660958
