0035040080920050103
070000200501010000000000006033144
070000200501010000000000006033144
070000200501020000000000006033144
070000200501020000000000006033144
070000200501030000000000006033144
070000200501030000000000006033144
070000200501040000000000006033144
070000200501040000000000006033144
070000200501050000000000006033144
070000200501050000000000006033144
070000200501060000000000006033144
070000200501060000000000006033144
070000200501070000000000006033144
070000200501070000000000006033144
070000200501080000000000006033144
070000200501080000000000006033144
070000200501090000000000006033144
070000200501090000000000006033144
070000200501100000000000006033144
070000200501100000000000006033144
070000200501110000000000006033144
070000200501110000000000006033144
070000200501120000000000006033144
070000200501120000000000006033144
070000200501130000000000006033144
070000200501130000000000006033144
070000200501140000000000006033144
070000200501140000000000006033144
070000200501150000000000006033144
070000200501150000000000006033144
070000200501160000000000006033144
070000200501160000000000006033144
070000200501170000000000006033144
070000200501170000000000006033144
070000200501180000000000006033144
070000200501180000000000006033144
070000200501190000000000006033144
070000200501190000000000006033144
070000200501200000000000006033144
070000200501200000000000006033144
070000200501210000000000006033144
070000200501210000000000006033144
070000200501220000000000006033144
070000200501220000000000006033144
070000200501230000000000006033144
070000200501230000000000006033144
070000200501240000000000007644144
070000200501240000000000007644144
070000200501250000000000007644144
070000200501250000000000007644144
070000200501260000000000007644144
070000200501260000000000007644144
070000200501270000000000007644144
070000200501270000000000007644144
070000200501280000000000007639033
070000200501280000000000007639033
070000200501290000000000007639033
070000200501290000000000007639033
070000200501300000000000007639033
070000200501300000000000007639033
070000200501310000000000007639033
070000200501310000000000007639033
