0035040080920050200
080000200502010000000000300000000
100000200502010010000000044645031
500000200502010000000000026932416
080000200502020000000000300000000
100000200502020010000000044645031
500000200502020000000000026934618
080000200502030000000000300000000
100000200502030010000000044645031
500000200502030000000000026934618
080000200502040000000000300000000
100000200502040010000000044645031
500000200502040000000000026936272
080000200502050000000000300000000
100000200502050010000000044645031
500000200502050000000000026941156
080000200502060000000000300000000
100000200502060010000000044645031
500000200502060000000000026941156
080000200502070000000000300000000
100000200502070010000000044645031
500000200502070000000000026918487
080000200502080000000000300000000
100000200502080010000000044645031
500000200502080000000000026921682
080000200502090000000000300000000
100000200502090010000000044645031
500000200502090000000000026921733
080000200502100000000000300000000
100000200502100010000000044645031
500000200502100000000000026926658
080000200502110000000000300000000
100000200502110010000000044645031
500000200502110000000000026927001
080000200502120000000000300000000
100000200502120010000000044645031
500000200502120000000000026927907
080000200502130000000000300000000
100000200502130010000000044645031
500000200502130000000000026927907
080000200502140000000000300000000
100000200502140010000000044645031
500000200502140000000000027087738
080000200502150000000000300000000
100000200502150010000000044645031
500000200502150000000000027087879
080000200502160000000000300000000
100000200502160010000000044645031
500000200502160000000000025951113
080000200502170000000000300000000
100000200502170010000000044645031
500000200502170000000000025955163
080000200502180000000000300000000
100000200502180010000000044645031
500000200502180000000000023639827
080000200502190000000000300000000
100000200502190010000000044645031
500000200502190000000000023658968
080000200502200000000000300000000
100000200502200010000000044645031
500000200502200000000000023658968
080000200502210000000000300000000
100000200502210010000000044645031
500000200502210000000000000208193
080000200502220000000000300000000
100000200502220010000000044645031
500000200502220000000000000194310
080000200502230000000000300000000
100000200502230010000000036076322
500000200502230000000000000194409
080000200502240000000000300000000
100000200502240010000000036076322
500000200502240000000000002653523
080000200502250000000000300000000
100000200502250010000000036076322
500000200502250000000000002661447
080000200502260000000000300000000
100000200502260010000000036076322
500000200502260000000000002680097
080000200502270000000000300000000
100000200502270010000000036076322
500000200502270000000000002680097
080000200502280000000000300000000
100000200502280010000000036076322
500000200502280000000000027434112
800000200502300000000001314613141
