0035040080920050203
070000200502010000000000007639033
070000200502010000000000007639033
070000200502020000000000007639033
070000200502020000000000007639033
070000200502030000000000007639033
070000200502030000000000007639033
070000200502040000000000007639033
070000200502040000000000007639033
070000200502050000000000007639033
070000200502050000000000007639033
070000200502060000000000007639033
070000200502060000000000007639033
070000200502070000000000007639033
070000200502070000000000007639033
070000200502080000000000007639033
070000200502080000000000007639033
070000200502090000000000007639033
070000200502090000000000007639033
070000200502100000000000007639033
070000200502100000000000007639033
070000200502110000000000007639033
070000200502110000000000007639033
070000200502120000000000007639033
070000200502120000000000007639033
070000200502130000000000007639033
070000200502130000000000007639033
070000200502140000000000007639033
070000200502140000000000007639033
070000200502150000000000007639033
070000200502150000000000007639033
070000200502160000000000007639033
070000200502160000000000007639033
070000200502170000000000007639033
070000200502170000000000007639033
070000200502180000000000007639033
070000200502180000000000007639033
070000200502190000000000007639033
070000200502190000000000007639033
070000200502200000000000007639033
070000200502200000000000007639033
070000200502210000000000007639033
070000200502210000000000007639033
070000200502220000000000007639033
070000200502220000000000007639033
070000200502230000000000007639033
070000200502230000000000007639033
070000200502240000000000007639033
070000200502240000000000007639033
070000200502250000000000007639033
070000200502250000000000007639033
070000200502260000000000007639033
070000200502260000000000007639033
070000200502270000000000007639033
070000200502270000000000007639033
070000200502280000000000007624996
070000200502280000000000007624996
