0035010080920050100
001000200501010000000022030026
004000200501010000002271388597
040000200501010000001164375186
050000200501010000000005823378
070000200501010000003451970431
080000200501010000000098289001
085000200501010000000073624030
090000200501010000000136317140
100000200501010000000234606141
100000200501010000000234606141
001000200501020000000022030026
004000200501020000002271692188
040000200501020000001164375186
050000200501020000000005753448
070000200501020000003452343952
080000200501020000000098289001
085000200501020000000073624030
090000200501020000000136317140
100000200501020000000234606141
100000200501020000000234606141
001000200501030000000022299385
004000200501030000002281864852
040000200501030000001164959029
050000200501030000000005253887
070000200501030000003463869379
080000200501030000000098289001
085000200501030000000120348690
090000200501030000000136317140
100000200501030000000234606141
100000200501030000000234606141
001000200501040000000021660684
004000200501040000002287860244
040000200501040000001177345751
050000200501040000000005086565
070000200501040000003481780114
080000200501040000000098289001
085000200501040000000115919830
090000200501040000000136316127
100000200501040000000234605128
100000200501040000000234605128
001000200501050000000021768806
004000200501050000002293317727
040000200501050000001189043326
050000200501050000000005195737
070000200501050000003498934122
080000200501050000000098289001
085000200501050000000124662600
090000200501050000000136316127
100000200501050000000234605128
100000200501050000000234605128
001000200501060000000021988349
004000200501060000002300034482
040000200501060000001186931324
050000200501060000000005895925
070000200501060000003503058230
080000200501060000000098289001
085000200501060000000099466560
090000200501060000000136316127
100000200501060000000234605128
100000200501060000000234605128
001000200501070000000011959058
004000200501070000002306220772
040000200501070000001186836686
050000200501070000000004205907
070000200501070000003500810609
080000200501070000000098289001
085000200501070000000098471970
090000200501070000000136316127
100000200501070000000234605128
100000200501070000000234605128
001000200501080000000011959058
004000200501080000002306418980
040000200501080000001186836686
050000200501080000000003974954
070000200501080000003501239770
080000200501080000000098289001
085000200501080000000098471970
090000200501080000000136316127
100000200501080000000234605128
100000200501080000000234605128
001000200501090000000011959058
004000200501090000002306512521
040000200501090000001186836686
050000200501090000000003508969
070000200501090000003501799296
080000200501090000000098289001
085000200501090000000098471970
090000200501090000000136316127
100000200501090000000234605128
100000200501090000000234605128
001000200501100000000012155794
004000200501100000002312116016
040000200501100000001181506479
050000200501100000000006636657
070000200501100000003499141632
080000200501100000000098289001
085000200501100000000133575685
090000200501100000000136316127
100000200501100000000234605128
100000200501100000000234605128
001000200501110000000012815750
004000200501110000002320358554
040000200501110000001179065075
050000200501110000000008332729
070000200501110000003503906650
080000200501110000000098289001
085000200501110000000128689625
090000200501110000000136316127
100000200501110000000234605128
100000200501110000000234605128
001000200501120000000012960568
004000200501120000002328137588
040000200501120000001194740441
050000200501120000000008921679
070000200501120000003526916918
080000200501120000000098289001
085000200501120000000126519940
090000200501120000000116316127
100000200501120000000214605128
100000200501120000000214605128
001000200501130000000013075624
004000200501130000002331811316
040000200501130000001198700637
050000200501130000000005754515
070000200501130000003537833062
080000200501130000000098289001
085000200501130000000122710290
090000200501130000000116316127
100000200501130000000214605128
100000200501130000000214605128
001000200501140000000014520775
004000200501140000002343020480
040000200501140000001208486150
050000200501140000000005098594
070000200501140000003560928811
080000200501140000000098289001
085000200501140000000131445520
090000200501140000000116316127
100000200501140000000214605128
100000200501140000000214605128
001000200501150000000014026047
004000200501150000002350315888
040000200501150000001214620698
050000200501150000000002946692
070000200501150000003576015941
080000200501150000000098289001
085000200501150000000128876640
090000200501150000000116316127
100000200501150000000214605128
100000200501150000000214605128
001000200501160000000014028283
004000200501160000002350539601
040000200501160000001213604018
050000200501160000000002825465
070000200501160000003575346437
080000200501160000000098289001
085000200501160000000128883720
090000200501160000000116316127
100000200501160000000214605128
100000200501160000000214605128
001000200501170000000014178206
004000200501170000002350142395
040000200501170000001220810095
050000200501170000000006170382
070000200501170000003578960314
080000200501170000000098289001
085000200501170000000138324040
090000200501170000000116316127
100000200501170000000214605128
100000200501170000000214605128
001000200501180000000011136919
004000200501180000002354402565
040000200501180000001223762268
050000200501180000000005871334
070000200501180000003583430418
080000200501180000000098289001
085000200501180000000154537135
090000200501180000000116316127
100000200501180000000214605128
100000200501180000000214605128
001000200501190000000011272126
004000200501190000002353338436
040000200501190000001230042855
050000200501190000000002319751
070000200501190000003592333666
080000200501190000000098289001
085000200501190000000116577975
090000200501190000000116316127
100000200501190000000214605128
100000200501190000000214605128
001000200501200000000010247812
004000200501200000002345159469
040000200501200000001219373726
050000200501200000000003676829
070000200501200000003571104178
080000200501200000000098289001
085000200501200000000115844850
090000200501200000000116316127
100000200501200000000214605128
100000200501200000000214605128
001000200501210000000008359540
004000200501210000002352594489
040000200501210000001219197585
050000200501210000000014821298
070000200501210000003565330316
080000200501210000000098289001
085000200501210000000108706645
090000200501210000000096316127
100000200501210000000194605128
100000200501210000000194605128
001000200501220000000008448719
004000200501220000002352446547
040000200501220000001210996530
050000200501220000000015756325
070000200501220000003556135471
080000200501220000000098289001
085000200501220000000101602295
090000200501220000000096316127
100000200501220000000194605128
100000200501220000000194605128
001000200501230000000008450253
004000200501230000002353209930
040000200501230000001210057448
050000200501230000000003572160
070000200501230000003568145471
080000200501230000000098289001
085000200501230000000101360655
090000200501230000000096316127
100000200501230000000194605128
100000200501230000000194605128
001000200501240000000014878587
004000200501240000002359795270
040000200501240000001200018655
050000200501240000000001408179
070000200501240000003573284333
080000200501240000000098289001
085000200501240000000127954210
090000200501240000000096316127
100000200501240000000194605128
100000200501240000000194605128
001000200501250000000010421497
004000200501250000002361809020
040000200501250000001196444417
050000200501250000000001596345
070000200501250000003567078589
080000200501250000000098289001
085000200501250000000132198410
090000200501250000000096316127
100000200501250000000194605128
100000200501250000000194605128
001000200501260000000010675723
004000200501260000002370106287
040000200501260000001199504656
050000200501260000000001566815
070000200501260000003578719851
080000200501260000000098289001
085000200501260000000151295290
090000200501260000000096316127
100000200501260000000194605128
100000200501260000000194605128
001000200501270000000009374221
004000200501270000002369523844
040000200501270000001206934228
050000200501270000000001990783
070000200501270000003583841510
080000200501270000000098289001
085000200501270000000125644085
090000200501270000000096316127
100000200501270000000194605128
100000200501270000000194605128
001000200501280000000009553899
004000200501280000002373322513
040000200501280000001200156404
050000200501280000000002145454
070000200501280000003580887362
080000200501280000000098289001
085000200501280000000138284885
090000200501280000000096316127
100000200501280000000194605128
100000200501280000000194605128
001000200501290000000009753397
004000200501290000002375540088
040000200501290000001191229895
050000200501290000000001957315
070000200501290000003574566065
080000200501290000000098289001
085000200501290000000130489060
090000200501290000000096316127
100000200501290000000194605128
100000200501290000000194605128
001000200501300000000009756183
004000200501300000002375888525
040000200501300000001190223682
050000200501300000000001957315
070000200501300000003573911075
080000200501300000000098289001
085000200501300000000129275710
090000200501300000000096316127
100000200501300000000194605128
100000200501300000000194605128
001000200501310000000013666004
004000200501310000002384536464
040000200501310000001204857174
050000200501310000000004482662
070000200501310000003598576980
080000200501310000000098289001
085000200501310000000177560899
090000200501310000000096316127
100000200501310000000194605128
100000200501310000000194605128
