0035010080920050103
004000200501010300000491599734
040000200501010300000271817575
070000200501010300000763417309
085000200501010300000019499700
090000200501010300000146459457
100000200501010300000165959157
004000200501020300000491611505
040000200501020300000271817575
070000200501020300000763429080
085000200501020300000019499700
090000200501020300000146459457
100000200501020300000165959157
004000200501030300000490900666
040000200501030300000268831136
070000200501030300000759731802
085000200501030300000020668200
090000200501030300000146598889
100000200501030300000167267089
004000200501040300000491572418
040000200501040300000268578555
070000200501040300000760150973
085000200501040300000020761100
090000200501040300000146598889
100000200501040300000167359989
004000200501050300000492257027
040000200501050300000266456746
070000200501050300000758713773
085000200501050300000018491700
090000200501050300000146598889
100000200501050300000165090589
004000200501060300000492496352
009000200501060300000001418864
040000200501060300000266812632
050000200501060300000002626899
070000200501060300000755263221
085000200501060300000019373000
090000200501060300000146598889
100000200501060300000165971889
004000200501070300000492939890
009000200501070300000001418864
040000200501070300000260661461
070000200501070300000752182487
085000200501070300000017431800
090000200501070300000146598889
100000200501070300000164030689
004000200501080300000492954274
009000200501080300000000019984
040000200501080300000260661461
070000200501080300000753595751
085000200501080300000017431800
090000200501080300000146598889
100000200501080300000164030689
004000200501090300000492976217
040000200501090300000260661461
070000200501090300000753637678
085000200501090300000017431800
090000200501090300000146598889
100000200501090300000164030689
004000200501100300000494205123
009000200501100300000000003632
040000200501100300000254826319
070000200501100300000749027810
085000200501100300000019556000
090000200501100300000146598889
100000200501100300000166154889
004000200501110300000493333469
009000200501110300000000003632
040000200501110300000256303991
070000200501110300000749633828
085000200501110300000019831900
090000200501110300000146598889
100000200501110300000166430789
004000200501120300000493407319
009000200501120300000002617904
040000200501120300000257455146
070000200501120300000748244561
085000200501120300000018350500
090000200501120300000146598889
100000200501120300000164949389
004000200501130300000492579630
009000200501130300000000019984
040000200501130300000258888919
070000200501130300000751448565
085000200501130300000020553700
090000200501130300000146598889
100000200501130300000167152589
004000200501140300000492443754
009000200501140300000000019984
040000200501140300000260911595
070000200501140300000753335365
085000200501140300000021285200
090000200501140300000146598889
100000200501140300000167884089
004000200501150300000492151487
040000200501150300000262465559
070000200501150300000754617046
085000200501150300000020149600
090000200501150300000146598889
100000200501150300000166748489
004000200501160300000492198927
040000200501160300000262367055
070000200501160300000754565982
085000200501160300000020179300
090000200501160300000146598889
100000200501160300000166778189
004000200501170300000491761561
040000200501170300000260050072
070000200501170300000751811633
085000200501170300000021975100
090000200501170300000146598889
100000200501170300000168573989
004000200501180300000491712833
040000200501180300000256249260
070000200501180300000747962093
085000200501180300000021657100
090000200501180300000158598889
100000200501180300000180255989
004000200501190300000493553981
009000200501190300000002109638
040000200501190300000258382486
050000200501190300000001065084
070000200501190300000748761745
085000200501190300000023325100
090000200501190300000158598889
100000200501190300000181923989
004000200501200300000492947579
009000200501200300000003092651
040000200501200300000260563706
050000200501200300000003463164
070000200501200300000746955470
085000200501200300000023546300
090000200501200300000158598889
100000200501200300000182145189
004000200501210300000495315202
009000200501210300000003083013
040000200501210300000261590091
070000200501210300000753822280
085000200501210300000025486300
090000200501210300000158598889
100000200501210300000184085189
004000200501220300000494916904
009000200501220300000003083013
040000200501220300000263258060
070000200501220300000755091951
085000200501220300000025266200
090000200501220300000158598889
100000200501220300000183865089
004000200501230300000494941967
009000200501230300000003083013
040000200501230300000263187590
070000200501230300000755046544
085000200501230300000025264500
090000200501230300000158598889
100000200501230300000183863389
004000200501240300000493638196
009000200501240300000001023281
040000200501240300000263163193
070000200501240300000755778108
085000200501240300000025095500
090000200501240300000158681727
100000200501240300000183777227
004000200501250300000493646552
009000200501250300000000040268
040000200501250300000263872833
070000200501250300000757479117
085000200501250300000023992700
090000200501250300000158681727
100000200501250300000182674427
004000200501260300000492254742
009000200501260300000000040268
040000200501260300000263289535
070000200501260300000755504009
085000200501260300000023808800
090000200501260300000158681727
100000200501260300000182490527
004000200501270300000491462184
040000200501270300000261011594
070000200501270300000752473778
085000200501270300000023138400
090000200501270300000158681727
100000200501270300000181820127
004000200501280300000491547345
009000200501280300000001783572
040000200501280300000255924244
070000200501280300000745688017
085000200501280300000024003800
090000200501280300000158681727
100000200501280300000182685527
004000200501290300000490836813
009000200501290300000001965826
040000200501290300000261668092
070000200501290300000750539079
085000200501290300000024562000
090000200501290300000158681727
100000200501290300000183243727
004000200501300300000490876337
009000200501300300000001965826
040000200501300300000261260256
070000200501300300000750170767
085000200501300300000024166000
090000200501300300000158681727
100000200501300300000182847727
004000200501310300000489108245
009000200501310300000001783572
040000200501310300000260373154
070000200501310300000747697827
085000200501310300000020713900
090000200501310300000158681727
100000200501310300000179395627
