0035010080920050200
001000200502010000000013981388
004000200502010000002387588829
040000200502010000001211524513
050000200502010000000001483125
070000200502010000003611611605
080000200502010000000121078039
085000200502010000000145670150
090000200502010000000096316127
100000200502010000000217394166
100000200502010000000217394166
001000200502020000000014199685
004000200502020000002391220808
040000200502020000001220688470
050000200502020000000002379853
070000200502020000003623729110
080000200502020000000121078039
085000200502020000000130947620
090000200502020000000096314095
100000200502020000000217392134
100000200502020000000217392134
001000200502030000000014318787
004000200502030000002400753671
040000200502030000001224834452
050000200502030000000001371434
070000200502030000003638535476
080000200502030000000121078039
085000200502030000000160979720
090000200502030000000096314095
100000200502030000000217392134
100000200502030000000217392134
001000200502040000000014467947
004000200502040000002400563890
040000200502040000001226889850
050000200502040000000001498534
070000200502040000003640423153
080000200502040000000121078039
085000200502040000000133866495
090000200502040000000096314095
100000200502040000000217392134
100000200502040000000217392134
001000200502050000000014566185
004000200502050000002404113520
040000200502050000001231199813
050000200502050000000001599250
070000200502050000003648280268
080000200502050000000121078039
085000200502050000000151079980
090000200502050000000096314095
100000200502050000000217392134
100000200502050000000217392134
001000200502060000000014568109
004000200502060000002404307305
040000200502060000001230745109
050000200502060000000001599250
070000200502060000003648021273
080000200502060000000121078039
085000200502060000000151157570
090000200502060000000096314095
100000200502060000000217392134
100000200502060000000217392134
001000200502070000000009020283
004000200502070000002401956764
040000200502070000001235431750
050000200502070000000004266387
070000200502070000003642142410
080000200502070000000121078039
085000200502070000000120330430
090000200502070000000096314095
100000200502070000000217392134
100000200502070000000217392134
001000200502080000000009136885
004000200502080000002405464713
040000200502080000001243680055
050000200502080000000001049311
070000200502080000003657232342
080000200502080000000121078039
085000200502080000000143763350
090000200502080000000096314095
100000200502080000000217392134
100000200502080000000217392134
001000200502090000000009279666
004000200502090000002417926030
040000200502090000001252963900
050000200502090000000000295830
070000200502090000003679873766
080000200502090000000121078039
085000200502090000000130376055
090000200502090000000096314095
100000200502090000000217392134
100000200502090000000217392134
001000200502100000000009484689
004000200502100000002419513617
040000200502100000001277424141
050000200502100000000002421256
070000200502100000003704001191
080000200502100000000121078039
085000200502100000000141779355
090000200502100000000101314095
100000200502100000000222392134
100000200502100000000222392134
001000200502110000000009658787
004000200502110000002423672118
040000200502110000001274755215
050000200502110000000000263017
070000200502110000003707823103
080000200502110000000121078039
085000200502110000000106921860
090000200502110000000101314095
100000200502110000000222392134
100000200502110000000222392134
001000200502120000000009799683
004000200502120000002422786972
040000200502120000001262711573
050000200502120000000000263017
070000200502120000003695035211
080000200502120000000121078039
085000200502120000000090076335
090000200502120000000101314095
100000200502120000000222392134
100000200502120000000222392134
001000200502130000000009800705
004000200502130000002422903589
040000200502130000001261865499
050000200502130000000002038434
070000200502130000003692531359
080000200502130000000121078039
085000200502130000000089597855
090000200502130000000101314095
100000200502130000000222392134
100000200502130000000222392134
001000200502140000000010571886
004000200502140000002426985456
040000200502140000001274189638
050000200502140000000008704259
070000200502140000003703042721
080000200502140000000121078039
085000200502140000000104538060
090000200502140000000101314095
100000200502140000000222392134
100000200502140000000222392134
001000200502150000000010794904
004000200502150000002445700504
040000200502150000001276774576
050000200502150000000000546150
070000200502150000003732723834
080000200502150000000121078039
085000200502150000000133046700
090000200502150000000101314095
100000200502150000000222392134
100000200502150000000222392134
001000200502160000000010373024
004000200502160000002460785700
040000200502160000001288821822
050000200502160000000001298271
070000200502160000003758682275
080000200502160000000121078039
085000200502160000000135459940
090000200502160000000106314095
100000200502160000000227392134
100000200502160000000227392134
001000200502170000000010522242
004000200502170000002463881611
040000200502170000001286086481
050000200502170000000000632355
070000200502170000003759857979
080000200502170000000121078039
085000200502170000000128675461
090000200502170000000116314095
100000200502170000000237392134
100000200502170000000237392134
001000200502180000000009118931
004000200502180000002467820158
040000200502180000001294263490
050000200502180000000000632355
070000200502180000003770570224
080000200502180000000121078039
085000200502180000000144644791
090000200502180000000116314095
100000200502180000000237392134
100000200502180000000237392134
001000200502190000000009215871
004000200502190000002472322278
040000200502190000001285914175
050000200502190000000000103350
070000200502190000003767348974
080000200502190000000121078039
085000200502190000000148723351
090000200502190000000116314095
100000200502190000000237392134
100000200502190000000237392134
001000200502200000000009217994
004000200502200000002472489516
040000200502200000001285356878
050000200502200000000000097000
070000200502200000003766967388
080000200502200000000121078039
085000200502200000000149021091
090000200502200000000116314095
100000200502200000000237392134
100000200502200000000237392134
001000200502210000000009160887
004000200502210000002476915055
040000200502210000001294767285
050000200502210000000010347008
070000200502210000003770496219
080000200502210000000121078039
085000200502210000000132027181
090000200502210000000116314095
100000200502210000000237392134
100000200502210000000237392134
001000200502220000000007128814
004000200502220000002477672984
040000200502220000001302850147
050000200502220000000001033265
070000200502220000003786618680
080000200502220000000121078039
085000200502220000000126381963
090000200502220000000116314095
100000200502220000000237392134
100000200502220000000237392134
001000200502230000000007281210
004000200502230000002482302235
040000200502230000001313670530
050000200502230000000001650900
070000200502230000003801603075
080000200502230000000121078039
085000200502230000000130801563
090000200502230000000116314095
100000200502230000000237392134
100000200502230000000237392134
001000200502240000000012509953
004000200502240000002487197410
040000200502240000001313574710
050000200502240000000001592117
070000200502240000003811689956
080000200502240000000121078039
085000200502240000000144771796
090000200502240000000116319095
100000200502240000000237397134
100000200502240000000237397134
001000200502250000000012786649
004000200502250000002491584104
040000200502250000001304775699
050000200502250000000001112742
070000200502250000003808033710
080000200502250000000121078039
085000200502250000000096194881
090000200502250000000116319095
100000200502250000000237397134
100000200502250000000237397134
001000200502260000000012927119
004000200502260000002489468103
040000200502260000001299710808
050000200502260000000001036490
070000200502260000003801069540
080000200502260000000121078039
085000200502260000000088288129
090000200502260000000116319095
100000200502260000000237397134
100000200502260000000237397134
001000200502270000000012929353
004000200502270000002491684353
040000200502270000001297801652
050000200502270000000001036490
070000200502270000003801378868
080000200502270000000121078039
085000200502270000000086918149
090000200502270000000116319095
100000200502270000000237397134
100000200502270000000237397134
001000200502280000000013220279
004000200502280000002494981674
040000200502280000001311725474
050000200502280000000004560421
070000200502280000003815367006
080000200502280000000121078039
085000200502280000000127985420
090000200502280000000116319095
100000200502280000000237397134
100000200502280000000237397134
