0035040080920050100
080000200501010000000000300000000
100000200501010010000000041001997
500000200501010000000000028973982
080000200501020000000000300000000
100000200501020010000000041001997
500000200501020000000000028973982
080000200501030000000000300000000
100000200501030010000000036195031
500000200501030000000000028974721
080000200501040000000000300000000
100000200501040010000000036195031
500000200501040000000000028977693
080000200501050000000000300000000
100000200501050010000000036195031
500000200501050000000000028980373
080000200501060000000000300000000
100000200501060010000000036195031
500000200501060000000000028981040
080000200501070000000000300000000
100000200501070010000000036195031
500000200501070000000000028923595
080000200501080000000000300000000
100000200501080010000000036195031
500000200501080000000000028923595
080000200501090000000000300000000
100000200501090010000000036195031
500000200501090000000000028923595
080000200501100000000000300000000
100000200501100010000000036195031
500000200501100000000000028924611
080000200501110000000000300000000
100000200501110010000000036195031
500000200501110000000000029210036
080000200501120000000000300000000
100000200501120010000000036195031
500000200501120000000000029211273
080000200501130000000000300000000
100000200501130010000000036195031
500000200501130000000000029215118
080000200501140000000000300000000
100000200501140010000000036195031
500000200501140000000000029216204
080000200501150000000000300000000
100000200501150010000000036195031
500000200501150000000000029358756
080000200501160000000000300000000
100000200501160010000000036195031
500000200501160000000000029358756
080000200501170000000000300000000
100000200501170010000000036195031
500000200501170000000000029361321
080000200501180000000000300000000
100000200501180010000000036195031
500000200501180000000000024878521
080000200501190000000000300000000
100000200501190010000000036195031
500000200501190000000000024879947
080000200501200000000000300000000
100000200501200010000000036195031
500000200501200000000000000452943
080000200501210000000000300000000
100000200501210010000000036195031
500000200501210000000000000430491
080000200501220000000000300000000
100000200501220010000000036195031
500000200501220000000000000431355
080000200501230000000000300000000
100000200501230010000000036195031
500000200501230000000000000431355
080000200501240000000000300000000
100000200501240010000000036195031
500000200501240000000000000432568
080000200501250000000000300000000
100000200501250010000000036195031
500000200501250000000000000438299
080000200501260000000000300000000
100000200501260010000000036195031
500000200501260000000000000440355
080000200501270000000000300000000
100000200501270010000000036195031
500000200501270000000000000442236
080000200501280000000000300000000
100000200501280010000000036195031
500000200501280000000000000466933
080000200501290000000000300000000
100000200501290010000000036195031
500000200501290000000000000477192
080000200501300000000000300000000
100000200501300010000000036195031
500000200501300000000000000477192
080000200501310000000000300000000
100000200501310010000000044645031
500000200501310000000000026931538
800000200501300000000001314613141
